% Vessel index, mooring time $u_i$, starting berth position occupied $v_i$
1 2731 379
2 2480 418
3 2179 381
4 3308 377
5 1239 381
6 2018 383
7 988 378
8 640 386
9 81 417
10 3280 352
11 2957 393
12 1454 381
13 1753 387
14 2541 397
15 1416 381
16 803 412
17 2154 381
18 3149 394
19 893 383
20 3454 409
21 2239 458
22 1577 387
23 1835 402
24 2644 411
25 1649 475
26 1046 427
27 2154 401
28 2322 410
29 594 379
30 2554 394
31 334 384
32 451 384
33 699 462
34 1600 390
35 3279 377
36 1018 379
37 1784 382
38 729 387
39 792 426
40 1526 468
41 1084 413
42 235 436
43 2202 458
44 1589 462
45 1001 438
46 1379 404
47 1017 437
48 282 429
49 1101 405
50 393 390
51 2667 474
52 3617 427
53 2507 393
54 3198 382
55 1546 470
56 915 386
57 2710 495
58 2356 392
59 3387 396
60 2594 391
61 323 378
62 2 182
63 579 433
64 3080 380
65 317 -61
66 803 397
67 2880 379
68 915 423
69 1046 406
70 1095 420
71 3008 425
72 1883 387
73 3647 400
74 327 436
75 285 389
76 1480 401
77 759 395
78 1056 395
79 1629 475
80 351 400
81 3488 383
82 1882 395
83 152 458
84 2978 382
85 2494 391
86 2053 385
87 1031 426
88 2386 381
89 407 440
90 1374 406
91 273 22
92 2373 378
93 2703 391
94 951 382
95 1571 469
96 867 410
97 2101 392
98 1932 384
99 775 390
100 1717 383
101 2617 385
102 1132 393
103 1289 379
104 1288 448
105 1500 379
106 892 405
107 81 458
108 2252 407
109 699 410
110 2409 399
111 119 458
112 669 378
113 2294 384
114 417 440
115 1480 389
116 3034 379
117 1204 385
118 1526 380
119 1957 379
120 2202 425
121 858 408
122 1380 389
123 1156 384
124 700 399
125 1414 424
126 1629 472
127 776 387
128 2654 431
129 1288 417
130 829 386
131 3533 412
132 201 458
133 2004 389
134 539 383
135 962 403
136 3337 379
137 2823 383
138 120 458
139 3240 391
140 3107 396
141 87 467
142 1414 404
143 2730 382
144 2 219
145 1629 469
146 2926 384
147 1032 410
148 2408 402
149 792 408
150 2862 396
151 972 444
152 87 458
153 858 383
154 3575 432
155 366 393
156 1546 408
157 116 388
158 1641 390
159 2127 382
160 1957 430
161 1084 440
162 2336 387
163 2051 437
164 1057 381
165 1678 378
166 2437 403
167 3279 382
168 2617 462
169 3213 401
170 1275 386
171 2051 399
172 593 394
173 2202 383
174 539 463
175 2649 385
176 3416 384
177 501 405
178 333 388
179 2294 415
180 1275 418
181 1812 395
182 894 467
183 640 422
184 972 401
185 194 383
186 9 381
187 2654 394
188 3308 427
189 2386 403
190 867 463
191 193 398
192 49 390
193 283 412
194 1600 428
195 3053 422
196 2779 394
197 160 433
198 46 384
199 972 424
200 1336 393
