%  Berth length
150


21
77
79
83
137
147

1 29 56 30 4
2 28 60 4 1
3 45 6 14 1
4 35 18 2 10
5 43 43 2 4
6 4 57 14 7
7 6 50 8 4
8 14 63 22 1
9 38 46 4 6
10 18 29 42 1
11 6 53 21 8
12 43 45 30 8
13 33 25 42 1
14 14 13 48 5
15 28 21 4 1
16 32 74 33 5
17 16 16 28 6
18 15 17 11 8
19 17 5 13 10
20 54 73 43 7
21 2 43 36 1
22 8 68 31 1
23 26 16 11 10
24 55 65 5 4
25 21 68 9 8
26 4 15 18 2
27 16 52 44 9
28 13 37 42 2
29 56 20 34 4
30 5 10 27 7
31 47 18 45 4
32 42 68 14 10
33 39 33 41 5
34 54 54 16 5
35 18 52 14 7
36 25 70 8 3
37 41 11 18 5
38 46 40 49 3
39 33 34 33 7
40 2 34 39 10
41 3 25 35 4
42 39 45 46 9
43 11 24 21 4
44 43 41 3 3
45 32 39 24 5
46 14 59 33 1
47 30 55 50 9
48 54 72 12 6
49 36 75 8 2
50 31 50 16 9
51 41 48 12 10
52 13 19 40 3
53 30 20 22 9
54 22 3 9 3
55 54 62 50 4
56 23 11 18 9
57 45 40 13 9
58 2 16 49 10
59 6 4 43 3
60 9 37 45 9
61 9 6 16 10
62 5 55 13 2
63 8 32 34 3
64 45 26 33 3
65 3 54 9 10
66 38 30 9 3
67 1 28 32 1
68 22 74 31 7
69 40 51 34 7
70 51 5 3 4
71 4 13 26 7
72 31 27 34 1
73 1 18 18 9
74 39 23 48 9
75 15 24 1 7
