%  Berth length
500


37
83
101
102
106
149
156
193
205
242
255
280
297
318
351
361
457
462
463
465

1 38 94 3 4
2 21 102 27 2
3 43 124 2 9
4 84 598 2 1
5 3 581 14 4
6 10 315 32 10
7 80 129 6 4
8 14 55 27 9
9 45 120 11 8
10 12 480 43 4
11 10 537 11 8
12 94 340 6 7
13 19 100 29 9
14 63 326 24 9
15 39 20 35 4
16 4 83 2 4
17 69 241 28 6
18 7 303 4 2
19 70 131 10 7
20 91 367 10 6
21 22 147 13 2
22 78 424 11 3
23 30 44 22 5
24 18 127 21 9
25 48 566 29 5
26 34 286 35 9
27 23 358 4 4
28 25 27 30 3
29 77 0 6 5
30 2 84 6 1
31 91 311 40 2
32 20 338 48 8
33 25 361 16 4
34 80 261 13 8
35 53 399 46 2
36 63 202 29 6
37 57 150 42 1
38 80 424 46 8
39 19 403 45 3
40 93 172 23 10
41 42 491 17 8
42 40 94 26 6
43 74 101 5 9
44 46 98 43 1
45 95 310 8 6
46 31 428 2 9
47 10 579 44 5
48 55 427 34 9
49 85 98 16 2
50 77 203 13 1
51 7 408 31 7
52 4 469 46 9
53 10 494 28 5
54 34 265 18 9
55 20 310 13 4
56 51 222 46 2
57 57 481 27 4
58 93 430 9 7
59 72 367 25 3
60 46 593 37 10
61 44 331 44 9
62 14 293 19 2
63 2 295 12 7
64 90 352 8 1
65 55 81 23 1
66 48 567 34 2
67 94 517 15 3
68 55 261 4 4
69 74 389 42 3
70 87 577 12 5
71 64 231 45 4
72 1 309 12 3
73 52 460 34 1
74 15 225 47 3
75 43 113 35 10
76 48 300 14 6
77 32 4 44 2
78 74 383 49 6
79 82 93 33 3
80 74 350 37 3
81 34 323 25 7
82 59 210 22 8
83 49 347 4 9
84 69 129 11 10
85 18 228 30 7
86 29 102 35 3
87 51 317 40 8
88 30 33 33 3
89 61 270 26 9
90 92 270 39 10
91 36 67 27 4
92 59 525 14 10
93 76 436 27 8
94 93 531 1 1
95 50 1 33 2
96 9 34 27 2
97 39 493 11 1
98 59 593 12 9
99 29 376 38 2
100 45 103 12 6
101 84 588 2 3
102 38 183 25 8
103 74 423 39 7
104 46 165 11 1
105 45 443 10 1
106 4 312 13 6
107 32 519 7 9
108 43 591 6 5
109 67 520 34 10
110 5 169 25 4
111 28 509 43 2
112 53 408 16 9
113 86 275 45 8
114 78 442 2 5
115 41 339 16 3
116 49 558 22 10
117 29 540 2 4
118 3 529 37 3
119 21 156 25 8
120 36 85 31 6
121 37 306 18 4
122 96 464 43 3
123 43 203 40 6
124 19 426 16 5
125 70 168 48 3
126 29 533 47 7
127 28 208 33 5
128 11 150 40 8
129 86 504 29 3
130 24 200 16 9
131 47 320 32 6
132 30 185 15 8
133 80 442 34 9
134 47 20 21 9
135 14 506 31 9
136 6 530 18 7
137 17 327 3 7
138 32 141 13 1
139 85 215 19 10
140 74 282 37 4
141 21 415 28 1
142 21 358 12 3
143 78 346 23 4
144 10 333 12 5
145 23 458 34 4
146 93 449 42 10
147 66 545 12 7
148 94 393 5 8
149 73 24 37 6
150 69 486 46 2
151 50 536 39 5
152 31 454 13 7
153 83 544 28 2
154 32 550 36 4
155 22 408 39 2
156 54 512 16 10
157 96 580 35 1
158 92 289 28 6
159 14 543 12 1
160 32 488 38 2
161 77 277 8 4
162 46 42 25 2
163 29 279 17 6
164 22 516 2 10
165 3 59 13 4
166 31 429 44 3
167 80 124 9 2
168 55 474 31 6
169 54 368 39 8
170 40 344 13 9
171 69 151 20 10
172 12 268 46 7
173 74 588 38 1
174 73 90 3 3
175 22 267 28 8
176 3 401 39 9
177 42 312 38 3
178 74 58 40 6
179 46 118 43 3
180 6 487 43 10
181 88 151 16 2
182 13 288 3 9
183 66 19 13 3
184 77 35 49 1
185 61 583 42 9
186 60 405 19 6
187 73 405 8 5
188 74 174 3 4
189 38 500 1 10
190 30 150 12 5
191 29 473 42 3
192 35 307 49 2
193 40 381 26 9
194 49 418 3 9
195 57 414 9 4
196 46 520 8 2
197 58 71 15 7
198 20 484 48 7
199 76 471 23 9
200 8 321 47 7
