%  Berth length
500


32
38
51
53
62
65
92
104
117
121
131
133
146
148
152
164
196
199
206
218
222
233
255
263
302
307
317
325
338
345
370
390
394
410
432
439
442
470
481
490

1 31 404 31 7
2 16 363 3 3
3 35 655 38 5
4 36 704 7 10
5 3 348 2 1
6 20 412 22 6
7 27 744 5 1
8 33 124 32 8
9 21 262 1 1
10 22 366 25 3
11 4 779 4 6
12 25 230 28 7
13 29 336 38 3
14 22 387 24 9
15 37 735 26 5
16 4 126 6 5
17 4 263 3 6
18 4 405 7 3
19 33 66 34 7
20 26 760 39 1
21 28 247 49 10
22 38 436 22 3
23 37 111 20 9
24 16 703 39 2
25 38 661 13 4
26 27 354 37 6
27 22 580 3 2
28 39 758 6 2
29 21 89 23 3
30 4 268 16 6
31 33 44 42 4
32 22 399 4 2
33 8 570 50 3
34 2 605 30 2
35 18 402 6 3
36 37 373 18 3
37 18 554 30 5
38 39 369 28 4
39 6 633 43 6
40 12 792 29 2
41 8 784 35 2
42 35 796 7 7
43 18 668 40 6
44 39 62 10 1
45 9 378 1 9
46 24 361 39 3
47 13 231 10 8
48 17 703 14 1
49 2 568 35 8
50 5 6 31 4
51 32 497 10 6
52 1 148 37 1
53 19 372 7 3
54 8 26 14 4
55 26 559 14 9
56 34 439 45 5
57 16 30 26 8
58 8 451 10 7
59 6 151 9 1
60 2 742 46 10
61 38 162 10 2
62 28 335 10 3
63 23 76 28 6
64 14 369 1 2
65 29 257 15 9
66 24 562 43 3
67 31 43 17 3
68 8 773 30 4
69 24 405 25 4
70 26 799 3 6
71 1 107 25 4
72 38 789 14 5
73 13 793 45 3
74 8 619 49 10
75 29 266 24 7
76 3 612 10 5
77 30 258 42 3
78 24 277 23 5
79 3 510 24 5
80 27 89 32 4
81 3 2 29 6
82 26 419 9 7
83 36 461 41 7
84 8 399 37 6
85 11 553 20 6
86 29 604 47 3
87 12 59 36 7
88 33 316 27 7
89 39 247 27 3
90 24 717 29 2
91 15 724 16 7
92 28 421 39 6
93 33 364 36 6
94 5 317 43 8
95 17 460 45 9
96 30 544 22 4
97 19 550 29 10
98 5 321 20 1
99 34 239 44 8
100 9 620 23 10
101 29 23 47 9
102 23 670 23 5
103 11 666 5 9
104 29 88 29 10
105 18 644 37 3
106 25 740 15 2
107 27 800 17 9
108 14 453 29 5
109 35 531 2 1
110 38 693 20 4
111 31 571 4 10
112 15 166 5 8
113 32 586 6 5
114 27 785 17 8
115 18 486 40 8
116 5 269 42 4
117 22 780 45 3
118 1 676 20 5
119 11 711 38 6
120 28 610 19 3
121 13 8 47 2
122 4 166 10 4
123 17 127 6 2
124 17 734 26 2
125 22 105 40 3
126 36 100 33 7
127 2 589 12 8
128 27 511 35 2
129 12 381 24 7
130 20 600 42 3
131 13 417 42 8
132 32 602 49 1
133 25 342 22 3
134 31 98 31 5
135 19 569 17 5
136 37 225 37 4
137 5 352 6 8
138 27 194 23 2
139 31 686 23 2
140 36 38 26 5
141 38 652 21 2
142 32 411 48 4
143 36 260 4 7
144 26 389 4 7
145 20 171 12 3
146 25 498 30 2
147 4 270 22 4
148 25 770 16 8
149 17 602 32 8
150 31 507 36 9
151 27 78 12 5
152 24 119 25 4
153 11 546 34 1
154 9 61 45 1
155 3 620 43 6
156 3 487 1 5
157 17 106 27 10
158 4 694 28 10
159 15 277 41 1
160 28 402 34 4
161 38 7 15 2
162 26 178 40 5
163 37 34 8 9
164 38 716 38 8
165 5 296 32 7
166 14 563 36 1
167 11 67 48 6
168 19 364 16 3
169 9 584 31 5
170 5 562 44 9
171 7 103 2 1
172 4 249 3 9
173 30 761 19 3
174 23 723 19 8
175 11 666 45 6
176 13 713 50 3
177 11 647 1 6
178 6 392 11 3
179 3 118 14 10
180 37 606 32 9
181 16 337 6 9
182 26 168 42 4
183 30 444 35 5
184 16 204 50 1
185 11 520 24 4
186 7 102 10 8
187 15 121 27 2
188 35 13 24 4
189 8 97 29 1
190 19 559 35 10
191 27 70 5 4
192 20 574 10 6
193 10 410 42 6
194 18 526 18 10
195 10 145 43 5
196 25 399 11 6
197 38 647 49 2
198 36 139 33 3
199 16 405 17 7
200 5 562 39 10
201 4 726 40 4
202 2 261 29 1
203 33 476 14 10
204 29 380 47 4
205 22 751 25 10
206 35 164 46 3
207 13 179 5 8
208 3 266 32 4
209 19 214 3 6
210 8 129 9 2
211 5 529 9 4
212 13 499 10 6
213 4 132 3 5
214 18 498 1 4
215 9 605 46 3
216 1 228 23 9
217 9 144 49 1
218 3 642 16 7
219 35 321 27 7
220 23 118 14 6
221 1 373 5 7
222 23 449 26 10
223 23 251 49 4
224 11 77 41 5
225 39 505 25 1
226 38 155 28 2
227 9 28 11 2
228 16 688 15 5
229 31 573 15 5
230 21 207 34 3
231 4 451 40 8
232 19 218 37 3
233 29 679 50 5
234 17 255 44 8
235 30 253 45 1
236 27 582 28 3
237 6 762 1 5
238 33 348 33 8
239 21 511 41 2
240 23 165 31 2
241 27 574 11 5
242 20 633 15 7
243 20 440 32 1
244 24 546 17 1
245 3 335 28 1
246 16 388 26 2
247 11 353 45 5
248 28 672 26 10
249 29 155 30 2
250 16 156 47 3
