%  Berth length
200

% Berth breaks
75
91
121
122
130
151
154
190

% Vessel index, size, arrival time, processing time, weight (=1 as default) 
1 45 1 1 1
2 32 1 1 1
3 73 1 1 1
4 53 1 1 1
5 61 1 1 1
6 38 1 1 1
7 45 1 1 1
8 5 1 1 1
9 42 1 1 1
10 45 1 1 1
11 33 1 1 1
12 59 1 1 1
13 15 1 1 1
14 35 1 1 1
15 47 1 1 1
16 70 1 1 1
17 43 1 1 1 
18 61 1 1 1
19 3 1 1 1
20 31 1 1 1
21 56 1 1 1
22 55 1 1 1
23 9 1 1 1
24 69 1 1 1
25 45 1 1 1
26 52 1 1 1
27 19 1 1 1
28 70 1 1 1
29 49 1 1 1
30 19 1 1 1
31 14 1 1 1
32 43 1 1 1
33 72 1 1 1
34 72 1 1 1
35 35 1 1 1
36 39 1 1 1
37 73 1 1 1
38 34 1 1 1
39 74 1 1 1
40 41 1 1 1
41 42 1 1 1
42 75 1 1 1
43 35 1 1 1
44 41 1 1 1
45 26 1 1 1
46 36 1 1 1
47 13 1 1 1
48 27 1 1 1
49 27 1 1 1
50 62 1 1 1
51 75 8 8 8
52 23 8 8 8
53 65 8 8 8
54 61 8 8 8
55 8 8 8 8
56 62 8 8 8
57 43 8 8 8
58 26 8 8 8
59 36 8 8 8
60 24 8 8 8
61 55 8 8 8
62 71 8 8 8
63 2 8 8 8
64 65 8 8 8
65 38 8 8 8
66 52 8 8 8
67 55 8 8 8
68 63 8 8 8
69 75 8 8 8
70 54 8 8 8
71 56 8 8 8
72 16 8 8 8
73 57 8 8 8
74 28 8 8 8
75 9 8 8 8
76 7 8 8 8
77 74 8 8 8
78 12 8 8 8
79 48 8 8 8
80 46 8 8 8
81 21 8 8 8
82 2 8 8 8
83 27 8 8 8
84 47 8 8 8
85 67 8 8 8
86 38 8 8 8
87 13 8 8 8
88 41 8 8 8
89 47 8 8 8
90 66 8 8 8
91 51 8 8 8
92 14 8 8 8
93 38 8 8 8
94 22 8 8 8
95 69 8 8 8
96 21 8 8 8
97 22 8 8 8
98 56 8 8 8
99 65 8 8 8
100 26 8 8 8