%  Berth length
200

% Berth breaks
90
145
161
163
166
168
191
192

% Vessel index, size, arrival time, processing time, weight (=1 as default) 
1 50 97 16 9
2 87 18 24 6
3 17 37 9 4
4 43 40 20 2
5 21 15 6 2
6 12 54 40 7
7 51 2 16 8
8 21 94 12 1
9 62 63 32 9
10 13 5 43 2
11 31 96 47 9
12 26 9 44 4
13 78 80 30 3
14 59 69 48 4
15 61 85 35 6
16 84 12 46 7
17 27 13 26 6
18 37 12 16 7
19 36 44 2 3
20 20 89 16 3
21 48 78 39 10
22 63 63 15 1
23 21 83 45 6
24 88 6 21 6
25 49 15 45 10
26 4 19 49 1
27 6 51 38 4
28 82 88 43 3
29 12 23 32 4
30 69 76 49 2
31 57 31 13 7
32 23 39 31 10
33 11 6 33 3
34 43 37 44 5
35 75 37 16 9
36 75 35 40 8
37 50 52 28 4
38 63 70 43 8
39 26 22 19 5
40 47 16 36 10
41 57 33 50 9
42 37 42 46 5
43 6 1 22 2
44 53 98 16 7
45 58 99 28 2
46 77 60 9 8
47 35 32 42 10
48 59 9 26 2
49 84 68 12 1
50 71 97 34 8
51 28 25 25 6
52 24 61 44 9
53 66 30 10 4
54 1 67 6 8
55 48 66 47 4
56 28 24 7 3
57 33 31 49 7
58 22 32 2 2
59 40 56 49 8
60 89 43 7 9
61 52 27 3 2
62 80 71 33 9
63 52 35 23 6
64 9 56 25 8
65 30 49 44 4
66 12 54 48 7
67 32 61 23 8
68 51 100 44 4
69 54 49 8 6
70 11 65 1 5
71 66 93 38 6
72 74 68 23 9
73 21 38 11 3
74 35 1 6 8
75 2 40 39 6
76 30 21 20 9
77 17 22 49 10
78 78 37 21 6
79 85 52 37 10
80 87 7 28 1
81 2 90 11 3
82 67 3 30 9
83 75 75 30 5
84 67 79 2 1
85 73 39 11 9
86 86 40 33 2
87 38 86 19 6
88 58 98 48 3
89 36 55 48 7
90 79 29 38 6
91 63 11 21 8
92 79 45 36 8
93 13 20 24 5
94 5 18 6 6
95 58 41 15 5
96 44 1 41 4
97 5 37 1 9
98 60 53 12 7
99 39 66 40 6
100 48 66 38 10
101 59 52 25 9
102 55 49 47 10
103 34 94 6 7
104 82 5 28 4
105 76 13 45 7
106 79 95 16 8
107 67 93 12 7
108 2 33 27 7
109 62 73 15 7
110 23 36 2 6
111 23 41 21 7
112 88 59 44 10
113 62 39 25 1
114 44 15 1 9
115 23 36 39 6
116 32 57 10 7
117 54 90 39 6
118 20 82 48 5
119 49 43 25 6
120 40 63 9 7
121 34 49 31 2
122 52 9 27 1
123 49 71 6 1
124 6 66 29 9
125 76 59 46 2
126 26 63 29 1
127 19 86 26 8
128 59 29 36 2
129 7 76 50 4
130 3 53 3 1
131 72 88 3 5
132 80 89 48 10
133 54 69 22 4
134 72 54 35 10
135 12 74 28 5
136 57 39 26 10
137 90 17 22 1
138 73 49 39 1
139 28 30 20 2
140 13 14 14 9
141 2 49 2 3
142 76 23 29 10
143 8 92 30 6
144 61 49 47 4
145 3 24 7 6
146 23 25 32 1
147 44 1 29 1
148 17 18 16 9
149 34 92 46 3
150 60 37 31 2