% Vessel index, mooring time $u_i$, starting berth position occupied $v_i$
1 14 30
2 3 158
3 17 2
4 18 22
5 19 14
6 20 37
7 21 30
8 1 125
9 22 33
10 23 30
11 5 157
12 24 16
13 2 136
14 6 155
15 25 28
16 30 5
17 31 32
18 29 14
19 1 151
20 4 1
21 28 19
22 27 20
23 1 191
24 26 6
25 15 30
26 16 23
27 1 132
28 2 5
29 3 26
30 1 102
31 1 77
32 4 32
33 5 3
34 6 3
35 1 155
36 7 36
37 8 2
38 2 156
39 1 1
40 9 34
41 10 33
42 11 0
43 4 155
44 12 34
45 2 95
46 7 0
47 2 78
48 3 94
49 4 94
50 13 13
51 144 0
52 24 167
53 152 10
54 160 14
55 8 156
56 168 13
57 176 32
58 31 6
59 112 1
60 32 97
61 184 20
62 192 4
63 8 198
64 200 10
65 208 37
66 216 23
67 224 20
68 232 12
69 240 0
70 248 21
71 256 19
72 24 135
73 264 18
74 32 162
75 16 191
76 8 123
77 72 1
78 8 178
79 64 27
80 56 29
81 8 130
82 8 152
83 8 94
84 48 28
85 40 8
86 32 37
87 8 78
88 80 34
89 88 28
90 96 9
91 104 24
92 8 164
93 112 37
94 16 99
95 120 6
96 16 130
97 16 168
98 128 19
99 136 10
100 24 95
