%  Berth length
200

%  Berth length
27
73
81
83
88
141
178
182

%  Berth length
1 4 88 21 8
2 29 1 28 6
3 15 26 40 9
4 3 86 39 10
5 30 93 40 9
6 26 68 9 4
7 5 91 23 10
8 24 50 22 7
9 1 23 23 2
10 24 46 39 7
11 13 30 12 7
12 44 31 21 6
13 48 49 16 10
14 31 60 35 4
15 27 29 38 8
16 44 79 36 4
17 9 1 44 10
18 44 87 11 5
19 44 68 44 7
20 39 60 17 5
21 53 26 24 7
22 53 53 28 7
23 18 24 13 2
24 47 40 23 9
25 53 7 49 3
26 50 45 16 2
27 30 4 7 2
28 37 84 26 1
29 12 55 23 9
30 30 87 4 9
31 12 43 29 5
32 11 84 50 5
33 38 22 41 9
34 21 62 42 4
35 14 0 37 1
36 39 30 4 6
37 50 41 26 1
38 2 32 19 9
39 15 30 8 10
40 29 4 35 4
41 50 74 21 1
42 22 71 6 9
43 2 86 17 4
44 17 11 23 7
45 16 58 21 1
46 52 82 35 2
47 4 28 46 6
48 39 96 36 5
49 53 86 3 9
50 11 0 11 8
51 30 31 16 2
52 27 65 40 2
53 35 17 11 7
54 35 61 17 6
55 47 40 26 5
56 30 37 2 4
57 13 54 10 4
58 12 14 32 7
59 5 42 12 1
60 10 76 42 6
61 52 42 17 4
62 25 52 32 1
63 33 1 18 10
64 11 66 24 8
65 22 98 24 4
66 16 22 34 5
67 3 87 20 2
68 30 35 28 5
69 52 65 22 9
70 4 96 24 2
71 16 79 33 3
72 29 99 33 3
73 44 0 2 1
74 48 48 15 10
75 40 54 42 7
76 16 31 42 6
77 15 11 26 2
78 36 26 44 2
79 37 71 8 10
80 12 92 7 7
81 4 24 11 10
82 6 85 49 5
83 30 50 46 4
84 35 46 9 5
85 4 66 21 2
86 10 25 6 10
87 51 72 32 2
88 43 74 25 9
89 36 38 48 5
90 48 66 26 1
91 51 12 31 7
92 20 8 43 9
93 25 20 17 6
94 23 37 11 9
95 7 24 23 1
96 30 51 39 3
97 24 21 13 1
98 2 25 15 2
99 14 37 17 7
100 38 48 22 3