%  Berth length
1000

%  Berth length
63
90
143
214
253
357
364
401
447
540
563
616
637
688
720
728
765
827
840
946

%  Berth length
1 70 585 16 1
2 55 466 21 10
3 81 554 19 10
4 14 63 25 8
5 98 544 29 8
6 100 35 36 4
7 90 410 11 6
8 74 363 32 6
9 12 302 13 2
10 93 235 40 8
11 27 361 49 2
12 90 358 31 3
13 10 139 40 7
14 53 465 46 2
15 7 518 13 6
16 61 251 22 10
17 18 230 39 1
18 21 483 26 3
19 101 295 20 8
20 28 164 48 3
21 99 381 6 5
22 89 221 5 1
23 64 304 21 6
24 48 105 23 7
25 101 151 32 4
26 27 295 27 3
27 74 415 34 6
28 32 383 17 3
29 58 115 16 3
30 38 110 47 10
31 1 199 11 1
32 78 568 44 10
33 15 75 6 5
34 63 256 15 6
35 43 25 27 7
36 59 28 23 9
37 61 53 21 5
38 62 191 7 1
39 75 402 29 3
40 2 551 41 3
41 64 586 47 10
42 17 123 45 4
43 96 106 2 5
44 100 194 31 3
45 59 39 27 7
46 74 277 8 9
47 79 285 7 8
48 58 231 1 6
49 2 453 36 7
50 70 256 11 6
51 27 166 40 4
52 63 399 11 3
53 89 274 45 10
54 79 253 17 3
55 89 23 14 6
56 43 199 34 5
57 1 504 42 1
58 87 460 41 3
59 99 331 37 10
60 36 4 20 2
61 2 72 31 1
62 53 549 19 9
63 9 23 25 8
64 74 573 47 6
65 21 596 32 5
66 55 328 13 3
67 31 412 46 5
68 75 275 24 10
69 90 215 50 9
70 89 390 48 3
71 21 19 39 9
72 24 43 21 7
73 89 305 15 4
74 67 486 29 7
75 105 369 33 6
76 97 590 9 9
77 99 9 9 6
78 98 169 24 7
79 83 530 9 2
80 91 580 17 8
81 72 386 27 10
82 49 489 12 3
83 49 377 46 1
84 19 9 22 10
85 75 276 6 7
86 76 580 4 7
87 2 198 47 3
88 5 56 22 9
89 19 208 17 2
90 55 484 27 5
91 48 248 27 2
92 57 203 40 1
93 32 19 39 4
94 88 286 11 5
95 9 495 34 7
96 9 527 1 1
97 62 535 28 2
98 19 410 22 1
99 95 116 27 2
100 3 136 10 7
101 79 519 29 4
102 72 442 25 7
103 17 359 24 5
104 64 483 49 6
105 42 361 21 5
106 7 383 28 9
107 3 122 21 6
108 60 193 38 8
109 62 589 44 9
110 92 283 39 5
111 58 359 33 7
112 42 440 2 4
113 62 96 32 8
114 69 415 20 7
115 15 15 46 7
116 27 445 37 6
117 55 85 28 3
118 96 528 42 5
119 44 573 8 3
120 79 90 41 4
121 92 204 39 10
122 33 460 7 9
123 7 422 7 7
124 45 469 10 2
125 16 353 2 4
126 101 497 38 8
127 41 240 29 2
128 65 459 16 2
129 38 407 35 6
130 93 40 2 8
131 62 59 22 7
132 95 319 39 7
133 50 162 23 10
134 52 491 46 5
135 47 474 5 7
136 65 405 47 9
137 46 101 3 5
138 26 46 26 2
139 28 599 19 8
140 89 10 20 8
141 27 257 20 3
142 49 590 29 6
143 35 191 50 7
144 21 424 5 6
145 83 138 36 2
146 53 304 12 4
147 60 415 34 9
148 70 11 41 6
149 61 555 13 6
150 54 173 24 7
151 101 57 37 9
152 11 38 9 6
153 68 201 13 9
154 90 220 45 1
155 2 461 40 5
156 2 54 1 4
157 43 112 36 8
158 95 467 34 6
159 4 91 12 5
160 84 545 25 7
161 31 60 34 5
162 58 89 5 2
163 74 551 47 5
164 59 389 14 3
165 71 441 48 8
166 3 369 36 10
167 70 100 9 6
168 103 57 35 5
169 91 312 25 3
170 24 2 37 9
171 83 68 20 4
172 46 244 22 3
173 36 361 18 3
174 102 289 25 6
175 106 413 9 2
176 76 530 33 9
177 46 301 33 4
178 38 458 36 3
179 81 455 34 5
180 78 536 6 1
181 54 219 16 9
182 64 504 46 4
183 31 269 45 2
184 31 219 36 1
185 8 323 7 6
186 82 441 8 5
187 73 176 43 4
188 28 506 46 2
189 102 558 36 8
190 43 578 45 7
191 70 441 8 2
192 78 141 32 6
193 27 370 20 3
194 10 189 20 10
195 25 102 20 10
196 39 157 10 3
197 13 221 26 1
198 3 587 23 6
199 99 149 16 3
200 80 135 49 7
