%  Berth length
150

%  Berth length
10
60
71
87
94
135

%  Berth length
1 5 37 21 1
2 47 24 29 6
3 30 34 45 5
4 43 55 42 7
5 28 32 13 5
6 6 20 12 8
7 25 67 32 6
8 45 34 23 4
9 38 38 34 3
10 41 3 47 6
11 3 10 38 8
12 50 74 29 10
13 11 31 47 6
14 21 75 25 10
15 35 59 36 6
16 32 19 3 9
17 21 32 31 7
18 12 75 11 8
19 13 25 47 4
20 17 28 15 6
21 49 56 45 1
22 6 23 23 9
23 16 26 13 9
24 9 11 37 3
25 38 14 31 5
26 45 53 9 7
27 16 54 36 8
28 41 58 19 4
29 41 4 17 4
30 16 44 30 9
31 13 32 50 10
32 26 66 36 8
33 50 55 25 10
34 23 51 18 2
35 7 8 36 7
36 27 36 6 4
37 17 47 17 3
38 9 61 14 9
39 31 14 49 2
40 16 62 30 2
41 10 11 8 2
42 20 4 22 4
43 30 21 48 7
44 6 28 4 5
45 39 62 48 10
46 24 47 13 5
47 37 15 1 5
48 38 27 34 5
49 31 9 46 6
50 3 20 27 6
51 8 51 2 4
52 31 25 29 1
53 22 51 8 9
54 9 6 33 8
55 18 38 12 7
56 32 61 14 9
57 26 71 31 1
58 35 2 18 8
59 36 51 41 1
60 8 20 43 1
61 7 11 42 8
62 18 28 33 10
63 10 17 42 1
64 50 23 11 1
65 14 42 32 4
66 24 48 9 9
67 1 75 43 6
68 10 47 33 5
69 40 1 29 5
70 16 49 33 3
71 34 60 8 8
72 7 64 13 5
73 40 15 28 6
74 37 10 24 3
75 26 24 16 5
