%  Berth length
1200

%  Berth length
15
23
34
45
48
77
151
189
192
236
256
258
270
277
373
394
479
540
603
620
634
647
658
670
741
757
772
786
820
936
951
963
986
1012
1069
1118
1155
1158
1168
1199

%  Berth length
1 57 247 34 7
2 78 21 1 5
3 82 325 49 9
4 2 625 5 5
5 31 181 10 1
6 59 16 15 10
7 70 174 4 7
8 38 16 45 9
9 19 86 8 7
10 112 783 28 9
11 88 792 32 5
12 71 189 39 7
13 55 496 32 3
14 77 318 5 9
15 29 55 38 4
16 95 16 12 7
17 19 1 2 8
18 74 789 21 8
19 90 42 17 2
20 99 775 11 4
21 20 791 49 2
22 47 759 32 8
23 51 315 43 3
24 86 293 42 5
25 83 104 48 6
26 41 21 20 7
27 61 65 6 10
28 107 409 25 8
29 69 242 33 3
30 29 489 29 7
31 39 20 20 6
32 68 81 26 7
33 36 653 27 3
34 74 207 42 10
35 36 20 3 4
36 22 763 12 8
37 87 767 43 1
38 102 231 30 6
39 101 343 34 4
40 62 75 49 10
41 68 233 45 10
42 75 55 39 10
43 111 141 20 9
44 32 286 41 5
45 69 551 24 8
46 92 383 15 5
47 20 33 3 6
48 11 774 50 6
49 23 783 12 2
50 52 619 40 5
51 54 585 45 9
52 61 755 31 8
53 80 228 11 6
54 59 463 39 10
55 53 18 35 10
56 16 480 45 2
57 2 85 21 1
58 25 68 37 10
59 52 644 34 2
60 103 171 48 3
61 22 452 30 10
62 112 279 24 6
63 101 520 38 10
64 104 574 21 3
65 50 612 48 5
66 33 88 14 6
67 103 796 7 8
68 64 54 14 2
69 112 274 41 1
70 18 530 44 7
71 52 18 45 1
72 65 736 22 9
73 21 112 25 6
74 89 710 44 8
75 112 558 10 5
76 102 765 15 2
77 62 653 28 4
78 113 688 27 9
79 99 591 20 8
80 116 440 26 8
81 29 248 17 3
82 41 696 36 2
83 43 447 37 5
84 31 101 5 2
85 21 645 15 9
86 24 701 39 4
87 21 589 28 5
88 43 676 10 8
89 53 337 26 3
90 84 282 6 8
91 90 204 30 9
92 53 588 37 1
93 51 388 24 10
94 95 489 21 8
95 100 623 22 8
96 3 387 7 1
97 86 55 15 9
98 26 85 14 2
99 102 206 31 4
100 43 256 28 10
101 110 436 10 8
102 79 522 41 5
103 56 449 49 3
104 13 660 10 9
105 18 224 26 10
106 92 123 7 4
107 23 698 41 6
108 66 197 5 9
109 66 565 9 2
110 90 223 22 4
111 25 361 39 4
112 76 224 2 3
113 25 512 43 6
114 63 5 34 1
115 54 721 25 3
116 96 397 29 1
117 76 45 15 2
118 12 239 24 7
119 54 638 27 10
120 50 547 6 9
121 5 469 45 10
122 68 417 37 8
123 105 22 30 1
124 91 624 19 8
125 51 668 42 3
126 63 736 34 6
127 28 157 50 3
128 66 362 29 7
129 95 504 50 8
130 114 424 29 10
131 54 487 34 3
132 73 545 38 8
133 93 263 33 9
134 116 308 35 2
135 19 479 8 10
136 8 368 33 1
137 64 104 49 4
138 66 598 41 10
139 85 327 41 8
140 12 332 43 4
141 85 353 44 6
142 110 541 9 5
143 95 342 28 3
144 1 487 50 4
145 62 283 8 6
146 67 167 43 5
147 112 158 23 4
148 97 178 36 7
149 29 224 46 6
150 51 358 7 9
151 47 400 29 6
152 108 606 43 1
153 65 736 45 4
154 92 586 29 6
155 19 453 16 3
156 89 449 43 10
157 11 360 39 1
158 65 276 15 9
159 2 159 34 3
160 108 658 33 1
161 55 417 29 4
162 16 58 42 2
163 86 222 37 10
164 79 191 42 4
165 32 468 34 5
166 28 145 40 3
167 10 648 42 5
168 4 613 1 4
169 58 94 39 4
170 73 201 45 2
171 106 644 44 8
172 75 687 6 8
173 76 635 38 7
174 61 210 22 10
175 35 697 48 6
176 42 676 34 6
177 23 192 46 10
178 103 305 19 7
179 21 652 12 2
180 100 172 33 4
181 77 614 44 1
182 19 548 45 4
183 28 347 22 6
184 35 463 15 1
185 82 325 34 1
186 93 731 37 6
187 4 126 48 6
188 27 167 31 4
189 83 706 47 6
190 94 789 26 4
191 103 654 17 9
192 100 20 22 1
193 41 693 24 7
194 35 584 27 7
195 104 302 1 4
196 74 580 12 10
197 89 183 44 2
198 14 339 26 4
199 86 553 10 3
200 3 99 13 8
201 27 546 30 9
202 54 259 7 1
203 116 31 22 6
204 65 506 18 4
205 2 542 39 8
206 54 308 17 10
207 111 663 17 2
208 84 556 21 10
209 64 728 32 4
210 23 160 9 1
211 41 266 46 6
212 107 267 37 3
213 57 263 48 9
214 34 103 33 10
215 3 121 40 2
216 54 392 25 8
217 79 268 26 3
218 83 492 21 6
219 2 284 21 5
220 86 645 27 10
221 112 248 24 1
222 100 171 28 4
223 54 306 43 9
224 67 510 47 3
225 39 743 34 6
226 81 238 34 3
227 88 165 31 8
228 93 664 12 1
229 9 296 18 8
230 86 421 46 5
231 58 265 19 5
232 68 149 11 10
233 82 711 44 4
234 76 569 1 5
235 51 318 10 9
236 27 63 7 4
237 32 384 39 4
238 85 294 36 2
239 85 433 48 3
240 46 256 34 5
241 39 727 19 8
242 18 509 3 6
243 66 720 33 4
244 9 197 50 4
245 86 461 12 5
246 93 611 34 8
247 69 370 22 6
248 20 559 13 2
249 35 442 12 6
250 71 172 14 8