% Vessel index, mooring time $u_i$, starting berth position occupied $v_i$
1 1228 115
2 496 103
3 44 100
4 193 111
5 429 141
6 448 120
7 128 121
8 852 138
9 1101 110
10 425 100
11 901 117
12 0 177
13 1162 123
14 1084 99
15 905 107
16 45 58
17 54 110
18 135 33
19 3 178
20 62 77
21 13 12
22 60 53
23 570 119
24 852 102
25 22 53
26 93 6
27 64 6
28 128 29
29 13 93
30 283 105
31 57 192
32 34 0
33 66 20
34 435 100
35 31 21
36 0 112
37 22 32
38 51 34
39 1113 138
40 283 139
41 136 117
42 804 132
43 882 129
44 51 90
45 14 103
46 565 109
47 811 111
48 79 11
49 315 100
50 71 71
51 706 121
52 327 122
53 95 29
54 727 120
55 46 142
56 621 122
57 13 55
58 926 113
59 33 112
60 103 103
61 775 134
62 938 113
63 100 58
64 969 121
65 166 108
66 429 109
67 1113 104
68 1097 129
69 544 116
70 166 139
71 86 62
72 21 23
73 340 127
74 77 23
75 46 71
76 1062 99
77 479 102
78 988 145
79 1248 117
80 988 106
81 45 25
82 92 20
83 107 179
84 597 131
85 59 183
86 101 90
87 103 149
88 389 129
89 664 104
90 1037 108
91 139 99
92 828 123
93 258 117
94 41 28
95 16 178
96 1201 100
97 2 106
98 11 22
99 479 146
100 212 106
