% Vessel index, mooring time $u_i$, starting berth position occupied $v_i$
1 385 385
2 1309 206
3 510 326
4 68 211
5 1351 231
6 96 326
7 57 326
8 2141 217
9 403 64
10 587 193
11 406 209
12 699 227
13 134 326
14 295 101
15 194 246
16 196 444
17 2474 223
18 2557 208
19 11 326
20 1871 218
21 1301 197
22 462 201
23 698 444
24 220 76
25 617 454
26 314 205
27 320 77
28 1226 225
29 1407 225
30 555 193
31 437 243
32 17 365
33 7 448
34 281 33
35 556 447
36 2260 215
37 67 462
38 286 197
39 311 27
40 994 235
41 1635 244
42 147 199
43 81 225
44 1523 200
45 2338 216
46 380 416
47 577 26
48 2044 259
49 99 449
50 471 105
51 11 253
52 809 458
53 276 447
54 428 52
55 948 227
56 525 453
57 730 454
58 692 244
59 1933 260
60 94 2
61 785 222
62 336 217
63 1485 200
64 577 450
65 2296 199
66 223 51
67 393 326
68 1101 256
69 1918 237
70 1046 196
71 666 202
72 293 380
73 2596 226
74 305 458
75 555 261
76 2094 234
77 407 210
78 2310 198
79 588 209
80 330 108
81 147 261
82 1762 221
83 631 237
84 599 213
85 365 105
86 10 165
87 18 134
88 1933 198
89 2383 194
90 54 35
91 866 206
92 547 384
93 385 198
94 1617 217
95 2235 204
96 1676 242
97 286 248
98 2509 245
99 224 106
100 1981 212
101 49 0
102 81 456
103 1268 269
104 655 458
105 691 252
106 365 237
107 745 203
108 1821 193
109 308 2
110 474 326
111 298 445
112 259 363
113 1774 258
114 90 415
115 54 326
116 221 239
117 200 26
118 381 434
119 780 459
120 359 202
121 1691 254
122 1841 259
123 390 460
124 194 207
125 2383 262
126 580 133
127 1774 200
128 631 195
129 469 250
130 1301 135
131 2382 238
132 509 224
133 810 194
134 2423 212
135 533 326
136 93 455
137 1133 247
138 1825 253
139 1451 197
140 59 198
141 1480 245
142 432 101
143 439 448
144 2179 240
145 1123 243
146 1268 201
147 484 451
148 1537 217
149 719 451
150 385 255
151 377 49
152 363 214
153 1366 227
154 1396 226
155 166 458
156 3 192
157 94 52
158 305 33
159 829 242
160 1734 224
161 345 384
162 214 381
163 2079 231
164 1797 259
165 430 29
166 0 34
167 893 234
168 2279 223
169 1008 197
170 1056 213
171 8 382
172 591 197
173 2023 225
174 1653 203
175 929 198
176 232 458
177 1026 200
178 113 201
179 1204 229
180 2451 245
181 326 51
182 335 455
183 22 246
184 207 192
185 1026 258
186 12 50
187 1574 252
188 2193 225
189 1167 235
190 364 326
191 1821 250
192 561 133
193 1291 196
194 469 193
195 113 265
196 255 219
197 562 52
198 888 222
199 399 197
200 439 326
