% Vessel index, mooring time $u_i$, starting berth position occupied $v_i$
1 112 2
2 97 27
3 10 12
4 199 1
5 175 35
6 55 53
7 117 68
8 190 124
9 271 29
10 52 45
11 0 20
12 6 0
13 272 64
14 257 115
15 109 106
16 62 2
17 61 100
18 45 69
19 293 46
20 33 106
21 164 41
22 152 28
23 238 121
24 100 34
25 63 74
26 52 66
27 172 2
28 61 104
29 149 3
30 260 27
31 63 115
32 98 75
33 2 107
34 151 32
35 149 129
36 124 115
37 0 63
38 167 69
39 35 96
40 97 34
41 259 2
42 87 22
43 17 63
44 9 102
45 133 100
46 0 73
47 15 21
48 74 117
49 77 69
50 289 27
51 25 63
52 150 28
53 219 -2
54 272 79
55 59 28
56 231 1
57 267 116
58 49 19
59 34 100
60 7 36
61 81 114
62 303 28
63 219 36
64 11 26
65 117 1
66 30 0
67 154 130
68 50 121
69 205 70
70 0 113
71 98 67
72 6 115
73 295 116
74 238 75
75 236 67
