% Vessel index, mooring time $u_i$, starting berth position occupied $v_i$
1 1001 307
2 332 485
3 359 78
4 1087 127
5 442 302
6 277 249
7 3246 317
8 1499 321
9 529 123
10 1876 289
11 2683 289
12 324 80
13 2735 283
14 24 299
15 504 206
16 374 285
17 365 83
18 1525 321
19 37 285
20 599 131
21 16 123
22 43 86
23 2735 287
24 194 23
25 267 4
26 1736 327
27 2146 316
28 255 80
29 321 206
30 2599 291
31 3014 308
32 138 77
33 1152 292
34 1892 300
35 308 250
36 2327 306
37 2052 306
38 543 32
39 1039 293
40 989 135
41 2178 294
42 2026 315
43 140 175
44 626 311
45 2727 309
46 760 126
47 556 424
48 772 315
49 1632 305
50 6 72
51 2634 319
52 220 130
53 3171 308
54 1433 319
55 417 321
56 895 284
57 1240 123
58 1186 314
59 651 301
60 1655 328
61 191 286
62 516 124
63 2526 314
64 566 123
65 809 128
66 23 390
67 221 325
68 1062 300
69 777 318
70 941 128
71 1054 122
72 390 231
73 573 0
74 857 125
75 299 6
76 321 121
77 248 174
78 185 312
79 3206 293
80 449 77
81 1183 318
82 112 0
83 1693 285
84 159 289
85 55 299
86 1387 302
87 1152 129
88 238 80
89 146 80
90 1212 129
91 2287 300
92 562 321
93 5 294
94 283 206
95 813 287
96 6 425
97 895 322
98 690 124
99 1670 311
100 214 113
101 1745 289
102 34 293
103 392 322
104 1570 302
105 491 3
106 341 77
107 209 456
108 1242 309
109 14 36
110 3037 324
111 1219 129
112 1140 321
113 374 323
114 2501 290
115 274 80
116 1787 296
117 1044 321
118 499 181
119 736 128
120 1407 326
121 461 250
122 136 249
123 897 133
124 2241 325
125 1197 121
126 1297 313
127 2206 312
128 102 142
129 51 249
130 658 297
131 433 250
132 386 71
133 213 174
134 518 34
135 973 289
136 336 35
137 530 486
138 350 127
139 76 70
140 3008 327
141 1842 302
142 492 326
143 409 383
144 2201 298
145 82 286
146 393 283
147 458 75
148 583 199
149 495 465
150 940 323
151 443 261
152 2796 301
153 1781 296
154 70 308
155 159 486
156 234 291
157 3 78
158 547 14
159 31 85
160 1142 302
161 1563 307
162 61 126
163 15 174
164 2980 299
165 207 71
166 877 133
167 179 465
168 385 34
169 225 34
170 238 70
171 92 63
172 1397 305
173 562 455
174 3290 316
175 2091 299
176 284 288
177 402 174
178 696 284
179 413 80
180 29 1
181 212 261
182 2225 295
183 1030 132
184 725 313
185 386 113
186 1103 316
187 1750 319
188 196 77
189 468 0
190 114 249
191 3067 294
192 2768 311
193 179 130
194 480 206
195 739 319
196 513 425
197 427 466
198 492 286
199 513 262
200 191 323
201 19 486
202 590 307
203 2898 303
204 190 34
205 114 34
206 2422 317
207 240 384
208 256 324
209 480 71
210 2379 292
211 85 174
212 855 297
213 1129 134
214 2338 308
215 667 132
216 396 125
217 1215 297
218 274 290
219 1343 320
220 696 323
221 3232 300
222 254 383
223 516 286
224 21 199
225 692 131
226 292 287
227 254 229
228 168 230
229 1962 317
230 2872 309
231 440 35
232 272 132
233 297 231
234 3108 325
235 491 79
236 1942 298
237 1097 127
238 356 175
239 485 230
240 221 285
241 242 22
242 108 17
243 959 291
244 428 62
245 506 289
246 155 34
247 439 136
248 388 309
249 214 79
250 778 124
251 232 424
252 621 129
253 1981 298
254 2947 312
255 172 79
256 348 70
257 319 466
258 295 33
259 566 176
260 1834 286
261 134 130
262 214 205
263 2564 315
264 317 232
265 477 122
266 1812 324
267 55 344
268 2835 310
269 3039 320
270 2288 320
271 350 2
272 238 130
273 813 326
274 7 125
275 522 79
276 330 297
277 3133 308
278 405 424
279 457 199
280 45 81
281 346 486
282 52 425
283 1483 303
284 2410 297
285 60 22
286 441 77
287 435 233
288 2465 327
289 1259 302
290 2599 283
291 581 17
292 453 33
293 118 77
294 2389 295
295 72 82
296 118 309
297 2363 313
298 1605 288
299 519 390
300 2096 291
