%  Berth length
200

% Berth breaks
75
91
121
122
130
151
154
190

% Vessel index, size, arrival time, processing time, weight (=1 as default) 
1 45 23 28 9
2 32 89 2 2
3 73 51 44 5
4 53 28 43 10
5 61 99 35 10
6 38 45 30 4
7 45 37 31 3
8 5 74 27 7
9 42 31 49 3
10 45 37 47 1
11 33 18 12 5
12 59 83 12 10
13 15 72 15 10
14 35 49 45 8
15 47 12 11 7
16 70 45 26 1
17 43 41 44 5
18 61 29 8 7
19 3 30 4 2
20 31 73 50 5
21 56 60 1 7
22 55 4 38 1
23 9 81 13 9
24 69 22 49 7
25 45 78 43 6
26 52 39 30 4
27 19 3 37 5
28 70 54 38 9
29 49 14 25 1
30 19 21 27 2
31 14 0 40 4
32 43 32 3 7
33 72 16 5 9
34 72 86 2 1
35 35 98 21 7
36 39 82 23 1
37 73 29 44 9
38 34 33 12 2
39 74 9 16 2
40 41 90 23 6
41 42 81 37 10
42 75 66 28 3
43 35 23 25 6
44 41 3 7 6
45 26 59 43 7
46 36 96 41 10
47 13 7 18 2
48 27 72 20 3
49 27 84 11 4
50 62 79 29 8
51 75 23 1 3
52 23 65 28 7
53 65 20 29 10
54 61 1 9 4
55 8 53 43 2
56 62 88 40 9
57 43 9 45 9
58 26 48 1 3
59 36 91 22 3
60 24 26 7 3
61 55 80 41 5
62 71 43 5 1
63 2 8 47 1
64 65 61 44 9
65 38 46 48 4
66 52 69 31 9
67 55 52 30 3
68 63 54 5 8
69 75 91 35 2
70 54 10 31 5
71 56 92 19 7
72 16 17 46 10
73 57 46 44 10
74 28 46 22 4
75 9 17 35 1
76 7 93 35 2
77 74 95 10 1
78 12 30 38 7
79 48 95 45 5
80 46 12 35 9
81 21 77 14 9
82 2 70 38 8
83 27 57 29 6
84 47 90 47 4
85 67 94 2 8
86 38 61 3 4
87 13 35 49 10
88 41 79 19 1
89 47 58 4 2
90 66 53 9 5
91 51 55 40 6
92 14 72 11 3
93 38 37 11 1
94 22 46 3 9
95 69 7 35 7
96 21 12 26 8
97 22 91 39 3
98 56 6 32 6
99 65 76 41 5
100 26 49 36 4