%  Berth length
1000

% Berth breaks
141
177
180
252
283
293
349
421
558
559
678
714
796
837
868
891
895
913
932
967

% Vessel index, size, arrival time, processing time, weight (=1 as default) 
1 71 193 48 3
2 62 93 39 3
3 64 27 34 2
4 59 5 32 5
5 73 178 11 2
6 68 177 22 8
7 11 86 23 8
8 107 60 45 2
9 1 58 44 4
10 81 111 2 7
11 57 172 40 6
12 88 123 29 5
13 115 91 44 2
14 38 3 7 5
15 24 35 41 1
16 10 84 18 1
17 122 2 13 1
18 32 75 3 10
19 14 156 8 4
20 1 178 18 9
21 34 118 41 4
22 137 123 38 9
23 73 79 44 7
24 84 78 9 1
25 66 34 7 3
26 12 198 38 2
27 138 31 45 2
28 50 199 38 8
29 12 1 10 6
30 69 132 12 2
31 54 100 2 8
32 23 175 48 10
33 25 4 49 7
34 140 139 30 4
35 63 30 3 4
36 40 175 20 10
37 74 20 16 1
38 118 119 13 2
39 126 107 41 5
40 28 22 11 2
41 7 153 45 6
42 46 81 29 4
43 124 22 16 4
44 40 1 42 10
45 8 115 9 5
46 88 77 44 3
47 62 86 28 5
48 50 3 46 7
49 52 119 2 5
50 97 70 2 10
51 100 175 36 3
52 121 165 12 9
53 38 103 17 3
54 126 31 24 8
55 50 139 41 10
56 52 57 43 8
57 48 62 5 5
58 66 118 32 2
59 77 35 17 7
60 10 103 10 8
61 4 25 2 10
62 6 119 16 7
63 68 156 50 5
64 111 148 7 8
65 74 115 14 1
66 23 147 11 1
67 106 186 41 3
68 12 94 10 6
69 99 82 31 8
70 3 31 28 9
71 121 91 47 7
72 111 50 1 10
73 120 183 9 6
74 67 71 28 6
75 31 97 41 8
76 97 167 29 2
77 48 188 35 1
78 122 175 23 3
79 79 9 18 8
80 78 105 50 10
81 23 120 12 3
82 50 56 27 2
83 111 186 40 5
84 24 36 34 9
85 141 97 4 6
86 109 181 27 9
87 3 105 47 8
88 5 35 20 3
89 80 100 39 10
90 35 90 34 1
91 121 108 28 8
92 79 199 2 8
93 134 56 28 10
94 37 19 34 4
95 76 37 45 5
96 74 71 47 1
97 89 177 7 3
98 33 80 6 1
99 13 156 5 6
100 88 115 29 5
101 68 39 33 2
102 116 136 9 4
103 120 190 42 3
104 118 115 35 5
105 3 141 25 6
106 58 169 49 4
107 27 168 12 3
108 68 187 37 10
109 18 179 31 5
110 68 183 25 9
111 82 32 11 7
112 14 49 4 8
113 28 98 50 3
114 39 192 11 7
115 17 24 9 10
116 134 100 48 3
117 67 13 47 6
118 137 77 30 2
119 94 74 17 6
120 59 25 13 4
121 9 32 36 6
122 73 166 41 8
123 57 106 39 7
124 20 80 49 5
125 140 108 23 4
126 57 111 1 9
127 75 160 5 10
128 112 49 8 10
129 33 80 20 6
130 137 169 24 9
131 127 129 33 7
132 37 164 42 1
133 125 149 1 4
134 47 94 2 2
135 80 176 5 8
136 138 173 2 1
137 71 185 12 9
138 6 44 5 5
139 26 31 46 6
140 86 96 20 1
141 123 27 23 2
142 31 140 6 5
143 83 40 49 2
144 140 128 35 3
145 52 157 48 2
146 10 64 17 7
147 132 60 9 4
148 57 78 47 1
149 82 156 40 7
150 102 85 14 6
151 19 121 39 2
152 11 126 41 8
153 11 9 46 8
154 78 58 18 10
155 25 127 24 4
156 78 192 33 2
157 63 112 18 7
158 97 154 47 3
159 30 130 6 4
160 106 34 46 1
161 126 57 41 2
162 53 151 44 9
163 45 62 47 4
164 80 41 9 9
165 105 49 1 6
166 120 169 47 3
167 46 38 18 6
168 79 144 28 8
169 14 58 31 10
170 12 166 44 2
171 22 75 7 5
172 5 91 9 3
173 77 177 13 8
174 107 17 16 1
175 77 70 37 9
176 11 180 21 6
177 6 2 28 6
178 42 77 28 3
179 9 66 5 2
180 69 109 39 7
181 129 73 4 6
182 64 12 44 7
183 74 67 5 10
184 23 121 37 5
185 104 199 42 8
186 138 9 41 3
187 138 150 19 7
188 137 4 37 3
189 22 27 32 9
190 32 85 39 4
191 27 43 34 2
192 101 5 8 3
193 76 58 14 9
194 108 0 4 2
195 17 151 15 9
196 68 170 9 5
197 71 155 1 8
198 45 60 23 7
199 91 120 47 10
200 109 176 23 6