%  Berth length
1200

%  Berth length
21
25
30
58
64
69
192
214
223
237
269
277
290
291
292
324
339
341
379
409
517
537
609
634
638
659
696
745
796
826
869
927
966
989
1115
1117
1123
1135
1155
1199

%  Berth length
1 68 385 30 10
2 22 28 13 10
3 115 575 20 5
4 96 218 37 2
5 27 198 30 6
6 101 445 33 2
7 56 302 7 9
8 85 35 37 5
9 14 126 3 3
10 54 497 24 4
11 121 410 12 5
12 104 766 43 6
13 47 642 40 9
14 65 273 10 6
15 21 346 2 9
16 119 718 16 8
17 102 764 15 6
18 99 269 5 2
19 3 585 11 1
20 69 682 4 2
21 18 238 19 10
22 37 99 10 6
23 7 417 17 3
24 69 45 35 10
25 67 606 39 8
26 103 785 41 3
27 14 1 24 4
28 37 341 44 2
29 102 747 5 3
30 57 152 36 2
31 14 400 9 4
32 50 429 13 8
33 70 657 43 1
34 4 646 7 6
35 83 494 27 3
36 92 385 32 2
37 33 285 20 8
38 87 170 12 2
39 13 208 44 2
40 51 748 4 3
41 65 628 39 5
42 104 106 47 10
43 5 705 50 1
44 44 546 26 8
45 98 148 10 4
46 49 709 14 1
47 88 517 45 9
48 12 72 10 7
49 96 629 45 7
50 78 484 45 7
51 78 639 24 4
52 118 281 23 1
53 36 211 26 4
54 13 235 12 7
55 36 571 42 5
56 37 305 48 3
57 100 418 29 6
58 43 57 29 4
59 90 391 42 7
60 42 603 24 9
61 122 650 35 3
62 41 44 26 3
63 86 677 50 10
64 97 83 5 3
65 105 527 13 4
66 85 5 28 7
67 116 253 49 5
68 126 4 1 6
69 25 319 30 4
70 109 587 47 4
71 26 636 5 1
72 110 376 50 2
73 59 665 25 8
74 11 111 48 2
75 46 725 48 2
76 118 145 33 8
77 75 767 21 10
78 67 298 4 4
79 22 42 21 3
80 52 351 4 2
81 41 280 2 5
82 98 426 9 3
83 41 303 25 7
84 2 406 13 10
85 23 180 23 4
86 12 637 21 1
87 40 59 11 8
88 32 339 20 9
89 119 741 47 1
90 10 680 14 9
91 47 489 21 2
92 1 550 29 6
93 45 25 34 1
94 35 715 28 1
95 104 595 39 10
96 45 92 50 4
97 90 65 14 2
98 102 621 19 3
99 53 102 21 9
100 65 595 6 4
101 11 45 28 9
102 122 148 17 2
103 116 252 6 4
104 99 303 20 5
105 64 437 6 6
106 1 260 40 1
107 25 633 8 2
108 10 259 41 5
109 37 755 11 7
110 49 190 24 8
111 105 80 31 9
112 65 690 13 2
113 39 399 38 10
114 37 726 34 3
115 19 263 5 1
116 125 672 29 7
117 106 494 11 2
118 58 23 32 6
119 106 561 8 2
120 76 538 19 5
121 67 542 46 1
122 110 625 40 4
123 92 5 45 9
124 77 588 7 9
125 86 539 7 7
126 62 248 23 5
127 46 158 13 5
128 60 195 11 10
129 107 433 39 8
130 15 302 10 3
131 8 15 31 7
132 112 610 49 2
133 7 301 11 10
134 39 519 5 5
135 53 700 31 9
136 79 778 19 10
137 76 92 4 6
138 125 737 21 5
139 118 359 7 2
140 2 303 42 3
141 39 625 44 6
142 96 586 43 1
143 116 375 43 3
144 116 13 46 3
145 120 185 25 5
146 7 792 49 10
147 32 444 37 2
148 55 740 26 9
149 72 55 21 9
150 98 645 35 6
151 33 267 39 3
152 53 177 45 6
153 53 688 14 3
154 89 618 38 9
155 7 746 48 10
156 43 313 27 5
157 99 665 24 6
158 59 214 49 3
159 62 64 46 5
160 116 651 7 7
161 57 27 24 8
162 71 611 28 5
163 21 139 50 4
164 73 685 47 10
165 40 254 23 8
166 93 328 20 1
167 64 119 28 4
168 42 236 26 1
169 24 178 3 9
170 72 95 29 4
171 29 76 37 6
172 116 498 5 10
173 3 555 15 10
174 16 382 32 2
175 62 59 38 1
176 30 228 16 8
177 121 517 43 4
178 8 483 20 8
179 69 525 39 2
180 95 57 1 9
181 69 468 19 5
182 82 704 35 6
183 61 160 17 3
184 18 768 11 4
185 84 275 2 1
186 63 764 23 4
187 23 14 11 1
188 91 479 49 10
189 120 419 41 10
190 55 341 36 10
191 89 10 27 1
192 6 319 17 5
193 69 443 40 6
194 56 303 49 7
195 42 313 31 2
196 7 421 8 7
197 111 30 15 10
198 27 113 15 9
199 102 203 14 10
200 1 390 2 10
201 115 112 41 6
202 32 337 28 5
203 27 572 28 9
204 30 398 19 6
205 84 724 33 5
206 91 273 30 1
207 34 555 28 3
208 91 393 32 10
209 71 185 13 2
210 54 56 34 3
211 47 94 20 6
212 87 582 8 5
213 24 745 2 10
214 36 697 4 8
215 27 400 9 5
216 24 266 34 4
217 112 385 31 7
218 126 45 37 5
219 18 327 19 5
220 108 61 11 9
221 59 709 15 2
222 44 539 30 7
223 101 352 20 4
224 61 194 15 2
225 14 512 25 6
226 60 17 28 7
227 14 451 22 6
228 33 760 16 10
229 28 479 32 6
230 121 275 36 10
231 91 206 2 5
232 20 560 3 1
233 41 118 29 3
234 11 180 9 9
235 24 591 29 10
236 95 476 43 9
237 66 467 5 4
238 53 785 26 9
239 61 149 24 8
240 8 749 50 2
241 108 201 15 8
242 38 590 35 6
243 22 404 3 2
244 73 144 41 1
245 45 418 4 1
246 94 534 23 6
247 5 17 28 2
248 72 308 17 10
249 63 331 48 5
250 107 276 7 1
