% Vessel index, mooring time $u_i$, starting berth position occupied $v_i$
1 89 52
2 178 119
3 33 108
4 3 153
5 357 4
6 372 13
7 62 5
8 355 115
9 64 59
10 243 115
11 72 147
12 2 22
13 0 168
14 81 4
15 313 112
16 18 185
17 11 190
18 212 165
19 506 54
20 122 53
21 164 152
22 128 56
23 51 190
24 369 54
25 22 165
26 6 1
27 67 144
28 471 56
29 398 69
30 220 5
31 91 168
32 11 74
33 432 56
34 406 19
35 52 123
36 72 165
37 33 119
38 199 11
39 88 145
40 35 67
41 154 171
42 181 6
43 269 57
44 26 196
45 45 0
46 393 110
47 131 110
48 178 108
49 330 55
50 28 185
51 161 7
52 293 57
53 20 61
54 223 53
55 171 1
56 427 116
57 1 109
58 249 143
59 114 8
60 122 176
61 188 68
62 120 117
63 235 110
64 387 19
65 297 17
66 187 3
67 37 165
68 454 52
69 368 108
70 47 154
71 72 156
72 336 53
73 288 112
74 83 124
75 0 165
76 219 108
77 29 33
78 38 172
79 0 0
80 163 60
81 73 112
82 114 108
83 219 143
84 116 144
85 264 1
86 131 87
87 83 113
88 171 23
89 3 74
90 168 173
91 403 4
92 67 117
93 9 61
94 60 173
95 108 157
96 441 112
97 68 47
98 17 145
99 35 51
100 325 9
