% Vessel index, mooring time $u_i$, starting berth position occupied $v_i$
1 1286 163
2 1749 169
3 3099 157
4 577 67
5 402 135
6 2070 170
7 563 273
8 82 149
9 225 72
10 206 69
11 229 451
12 168 149
13 0 185
14 435 460
15 2372 159
16 2454 161
17 193 328
18 420 285
19 3712 168
20 330 185
21 333 136
22 2507 149
23 2148 158
24 1458 166
25 128 23
26 297 99
27 674 149
28 2399 156
29 1359 150
30 2035 175
31 3302 159
32 1900 169
33 281 180
34 1207 174
35 508 24
36 39 329
37 2425 151
38 292 122
39 2071 175
40 1000 163
41 712 185
42 394 136
43 1097 164
44 392 155
45 57 286
46 368 71
47 2571 159
48 712 149
49 172 424
50 1159 148
51 21 69
52 290 457
53 577 457
54 3654 176
55 589 347
56 357 165
57 471 150
58 515 176
59 374 137
60 157 72
61 3053 172
62 1972 165
63 1485 161
64 28 3
65 229 328
66 205 150
67 159 321
68 410 66
69 1424 170
70 2051 175
71 180 1
72 2094 173
73 59 346
74 3596 178
75 175 150
76 538 149
77 1576 173
78 515 135
79 551 57
80 2650 162
81 653 174
82 2826 176
83 2072 181
84 979 149
85 435 286
86 47 321
87 60 71
88 577 -18
89 109 225
90 1583 149
91 399 328
92 186 100
93 3014 181
94 1247 154
95 403 121
96 2334 149
97 2602 148
98 537 332
99 375 372
100 3247 172
101 477 135
102 3121 183
103 471 72
104 495 28
105 104 69
106 2706 164
107 2786 181
108 599 71
109 502 295
110 1931 177
111 521 227
112 472 321
113 1858 157
114 464 269
115 3512 166
116 831 153
117 899 180
118 71 72
119 368 169
120 1521 153
121 90 402
122 547 285
123 1046 150
124 473 16
125 840 164
126 2787 161
127 401 100
128 674 185
129 2493 173
130 1335 168
131 2244 161
132 2976 168
133 525 456
134 317 258
135 3390 170
136 3279 168
137 1816 184
138 3433 154
139 345 226
140 3483 176
141 47 99
142 3796 163
143 142 138
144 3322 154
145 403 271
146 5 151
147 591 350
148 623 456
149 207 23
150 518 321
151 336 346
152 2288 175
153 3147 160
154 312 285
155 336 171
156 1735 155
157 253 178
158 182 399
159 70 401
160 570 372
161 428 402
162 3241 179
163 339 321
164 2188 151
165 583 399
166 3358 153
167 561 183
168 509 399
169 806 166
170 3471 184
171 1378 163
172 662 163
173 547 0
174 923 157
175 185 285
176 548 269
177 171 23
178 0 57
179 244 357
180 146 123
181 757 153
182 3752 154
183 3610 182
184 1000 148
185 2879 184
186 2926 164
187 271 99
188 1728 150
189 308 399
190 565 285
191 2970 156
192 2238 166
193 1793 170
194 401 0
195 3428 158
196 3397 178
197 9 321
198 614 176
199 587 321
200 248 165
201 7 458
202 1159 167
203 993 160
204 633 166
205 857 165
206 2686 180
207 129 329
208 428 155
209 594 269
210 1 402
211 1663 161
212 2574 155
213 943 150
214 595 226
215 425 224
216 289 403
217 529 27
218 18 156
219 46 124
220 2838 166
221 109 347
222 3550 166
223 509 121
224 273 285
225 147 457
226 745 175
227 147 299
228 152 354
229 226 31
230 2520 148
231 1695 156
232 342 99
233 96 321
234 3404 152
235 1139 150
236 135 1
237 226 163
238 2315 182
239 40 269
240 227 287
241 3394 184
242 298 270
243 3449 162
244 1631 183
245 549 120
246 1349 175
247 500 0
248 1641 177
249 129 151
250 49 372
251 233 99
252 224 269
253 429 135
254 2561 156
255 276 0
256 77 1
257 409 354
258 3196 155
259 2328 165
260 155 285
261 278 321
262 2602 177
263 2001 177
264 1528 162
265 984 149
266 444 451
267 2520 152
268 568 181
269 2120 163
270 423 26
271 3384 173
272 428 23
273 2745 179
274 498 346
275 61 155
276 180 258
277 81 73
278 3614 161
279 410 258
280 131 170
281 217 0
282 247 374
283 710 169
284 3416 149
285 2977 180
286 1704 152
287 3782 166
288 3671 156
289 168 186
290 277 67
291 575 223
292 516 68
293 2766 168
294 943 186
295 1052 158
296 77 456
297 58 356
298 232 16
299 1665 162
300 2247 150
