% Vessel index, mooring time $u_i$, starting berth position occupied $v_i$
1 31 117
2 94 3
3 226 111
4 12 116
5 32 89
6 346 115
7 404 11
8 134 116
9 380 114
10 1 78
11 69 82
12 69 67
13 30 19
14 66 36
15 40 118
16 109 19
17 24 67
18 27 33
19 73 4
20 390 33
21 62 68
22 109 -22
23 146 0
24 197 6
25 143 110
26 5 82
27 52 68
28 198 40
29 108 37
30 403 34
31 262 115
32 207 115
33 69 18
34 426 111
35 364 6
36 316 35
37 268 17
38 30 4
39 50 79
40 4 40
41 395 3
42 158 12
43 38 101
44 2 9
45 6 101
46 93 112
47 227 6
48 420 43
49 315 7
50 191 119
51 53 111
52 295 113
53 31 39
54 16 37
55 51 81
56 8 134
57 341 115
58 236 38
59 109 1
60 360 44
61 262 109
62 133 38
63 62 101
64 278 46
65 166 34
66 11 73
67 57 10
68 59 68
69 15 90
70 228 10
71 24 0
72 50 110
73 69 0
74 41 81
75 208 110
